[basemodel]
bce.average_auc = 0.9053845952888611
bce.average_f1 = 0.6103426055986012
bce.average_cutoff = 0.41853658536585364
exp_bce.average_auc = 0.9347836414378534
exp_bce.average_f1 = 0.6379747400267045
exp_bce.average_cutoff = 0.47414634146341467
focal.average_auc = 0.9343670278687772
focal.average_f1 = 0.6589366916849261
focal.average_cutoff = 0.4912195121951219
expbce_focal_balanced.average_auc = 0.9519190907058322
expbce_focal_balanced.average_f1 = 0.698312620465058
expbce_focal_balanced.average_cutoff = 0.6131707317073172
expbce_bce_balanced.average_auc = 0.9444520110386587
expbce_bce_balanced.average_f1 = 0.6634848913886214
expbce_bce_balanced.average_cutoff = 0.5482926829268293

[alexnet]
bce.average_auc = 0.9917936097434132
bce.average_f1 = 0.9300226101511676
bce.average_cutoff = 0.5357894736842106
exp_bce.average_auc = 0.9958227625316268
exp_bce.average_f1 = 0.9250958157358606
exp_bce.average_cutoff = 0.5115789473684211
focal.average_auc = 0.9971899020937218
focal.average_f1 = 0.9451019677901196
focal.average_cutoff = 0.49684210526315775
expbce_focal_balanced.average_auc = 0.9965796244590841
expbce_focal_balanced.average_f1 = 0.9399193501434938
expbce_focal_balanced.average_cutoff = 0.6673684210526316
expbce_bce_balanced.average_auc = 0.994089221409666
expbce_bce_balanced.average_f1 = 0.911322471353563
expbce_bce_balanced.average_cutoff = 0.5547368421052631

[smallresnet]
bce.average_auc = 0.9984503833629503
bce.average_f1 = 0.9801079761001069
bce.average_cutoff = 0.5578947368421053
exp_bce.average_auc = 0.9959151345227596
exp_bce.average_f1 = 0.9604953138246122
exp_bce.average_cutoff = 0.5652631578947368
focal.average_auc = 0.9988115871242625
focal.average_f1 = 0.9737217021493398
focal.average_cutoff = 0.5578947368421052
expbce_focal_balanced.average_auc = 0.9989505024928034
expbce_focal_balanced.average_f1 = 0.9800137865649956
expbce_focal_balanced.average_cutoff = 0.6715789473684212
expbce_bce_balanced.average_auc = 0.9990385876107762
expbce_bce_balanced.average_f1 = 0.9781210560374456
expbce_bce_balanced.average_cutoff = 0.5505263157894736

[densenet]
bce.average_auc = 0.9969426865692937
bce.average_f1 = 0.9664274344541113
bce.average_cutoff = 0.45368421052631586
exp_bce.average_auc = 0.9979829518393298
exp_bce.average_f1 = 0.965055940598275
exp_bce.average_cutoff = 0.5031578947368421
focal.average_auc = 0.9977751200929068
focal.average_f1 = 0.9655164013108367
focal.average_cutoff = 0.4957894736842105
expbce_focal_balanced.average_auc = 0.9989925179756367
expbce_focal_balanced.average_f1 = 0.975838743563786
expbce_focal_balanced.average_cutoff = 0.6105263157894737
expbce_bce_balanced.average_auc = 0.9984624341285347
expbce_bce_balanced.average_f1 = 0.9660146987292778
expbce_bce_balanced.average_cutoff = 0.5336842105263159

