[basemodel]
bce.average_auc = 0.9273134225576495
bce.average_f1 = 0.6667594753421582
bce.average_cutoff = 0.39142857142857146

[alexnet]
bce.average_auc = 0.9994058357769245
bce.average_f1 = 0.989038597392977
bce.average_cutoff = 0.660952380952381

