[basemodel]
bce.average_auc = 0.9053845952888611
bce.average_f1 = 0.6103426055986012
bce.average_cutoff = 0.41853658536585364
exp_bce.average_auc = 0.9347836414378534
exp_bce.average_f1 = 0.6379747400267045
exp_bce.average_cutoff = 0.47414634146341467
focal.average_auc = 0.9342175577186312
focal.average_f1 = 0.6581226788254136
focal.average_cutoff = 0.4917073170731707
expbce_focal_balanced.average_auc = 0.9521622606926141
expbce_focal_balanced.average_f1 = 0.6976761192605959
expbce_focal_balanced.average_cutoff = 0.6151219512195123
expbce_bce_balanced.average_auc = 0.9454937147350481
expbce_bce_balanced.average_f1 = 0.6668124379042948
expbce_bce_balanced.average_cutoff = 0.5473170731707317

[alexnet]
bce.average_auc = 0.9917936097434132
bce.average_f1 = 0.9300226101511676
bce.average_cutoff = 0.5357894736842106
exp_bce.average_auc = 0.9958227625316268
exp_bce.average_f1 = 0.9250958157358606
exp_bce.average_cutoff = 0.5115789473684211
focal.average_auc = 0.997219931140342
focal.average_f1 = 0.9466530546462277
focal.average_cutoff = 0.5031578947368421
expbce_focal_balanced.average_auc = 0.9970262959763614
expbce_focal_balanced.average_f1 = 0.9395515505412092
expbce_focal_balanced.average_cutoff = 0.6642105263157895
expbce_bce_balanced.average_auc = 0.9946432977819626
expbce_bce_balanced.average_f1 = 0.9117704114912774
expbce_bce_balanced.average_cutoff = 0.5589473684210526
bce_0.8lrd_.average_auc = 0.9585732694952415
bce_0.8lrd_.average_f1 = 0.7482102060168363
bce_0.8lrd_.average_cutoff = 0.16526315789473686
exp_bce_0.8lrd_.average_auc = 0.9734734144422474
exp_bce_0.8lrd_.average_f1 = 0.7941008373191604
exp_bce_0.8lrd_.average_cutoff = 0.35368421052631577
focal_0.8lrd_.average_auc = 0.9753342245754005
focal_0.8lrd_.average_f1 = 0.8043304910103349
focal_0.8lrd_.average_cutoff = 0.42105263157894735
expbce_focal_balanced_0.8lrd_.average_auc = 0.9846718650450252
expbce_focal_balanced_0.8lrd_.average_f1 = 0.8496565182512474
expbce_focal_balanced_0.8lrd_.average_cutoff = 0.6568421052631579
expbce_bce_balanced_0.8lrd_.average_auc = 0.9775964964921408
expbce_bce_balanced_0.8lrd_.average_f1 = 0.8066310100384989
expbce_bce_balanced_0.8lrd_.average_cutoff = 0.4957894736842106

[smallresnet]
bce.average_auc = 0.9984503833629503
bce.average_f1 = 0.9801079761001069
bce.average_cutoff = 0.5578947368421053
exp_bce.average_auc = 0.9959151345227596
exp_bce.average_f1 = 0.9604953138246122
exp_bce.average_cutoff = 0.5652631578947368
focal.average_auc = 0.9993487186962762
focal.average_f1 = 0.978518804076079
focal.average_cutoff = 0.5715789473684211
expbce_focal_balanced.average_auc = 0.9996147244308343
expbce_focal_balanced.average_f1 = 0.984871882607842
expbce_focal_balanced.average_cutoff = 0.6726315789473685
expbce_bce_balanced.average_auc = 0.9995225916911435
expbce_bce_balanced.average_f1 = 0.9850387919891961
expbce_bce_balanced.average_cutoff = 0.5936842105263157

[densenet]
bce.average_auc = 0.9969426865692937
bce.average_f1 = 0.9664274344541113
bce.average_cutoff = 0.45368421052631586
exp_bce.average_auc = 0.9979829518393298
exp_bce.average_f1 = 0.965055940598275
exp_bce.average_cutoff = 0.5031578947368421
focal.average_auc = 0.9977778146622726
focal.average_f1 = 0.9657336574179728
focal.average_cutoff = 0.5021052631578948
expbce_focal_balanced.average_auc = 0.9993115091157513
expbce_focal_balanced.average_f1 = 0.9803136733310442
expbce_focal_balanced.average_cutoff = 0.6200000000000001
expbce_bce_balanced.average_auc = 0.9986113397705901
expbce_bce_balanced.average_f1 = 0.9702759087337715
expbce_bce_balanced.average_cutoff = 0.5252631578947369

