[alexnet]
bce.average_auc = 0.9942009288692375
bce.average_f1 = 0.9506164057609867
bce.average_cutoff = 0.6369999999999999
exp_bce.average_auc = 0.9970811050181115
exp_bce.average_f1 = 0.9455290580941164
exp_bce.average_cutoff = 0.538
focal.average_auc = 0.9976355144656749
focal.average_f1 = 0.9577052539169296
focal.average_cutoff = 0.531

[basemodel]
bce.average_auc = 0.9134118318737892
bce.average_f1 = 0.626725474099601
bce.average_cutoff = 0.3871428571428571
exp_bce.average_auc = 0.9386587805545297
exp_bce.average_f1 = 0.6533252361489884
exp_bce.average_cutoff = 0.4552380952380953
focal.average_auc = 0.9272344843213706
focal.average_f1 = 0.6507493178451922
focal.average_cutoff = 0.45523809523809533

