[basemodel]
bce.average_auc = 0.9275656184995962
bce.average_f1 = 0.6676628017035735
bce.average_cutoff = 0.39333333333333326
exp_bce.average_auc = 0.9565995501573473
exp_bce.average_f1 = 0.709325139731317
exp_bce.average_cutoff = 0.5323809523809524
focal.average_auc = 0.9407505213775723
focal.average_f1 = 0.6891341935566013
focal.average_cutoff = 0.4390476190476192

[alexnet]
bce.average_auc = 0.994160427094268
bce.average_f1 = 0.9512036494477296
bce.average_cutoff = 0.6330000000000001
exp_bce.average_auc = 0.996625619862191
exp_bce.average_f1 = 0.938778293669408
exp_bce.average_cutoff = 0.611
focal.average_auc = 0.9974075327125644
focal.average_f1 = 0.9724689757836839
focal.average_cutoff = 0.594

