[DEFAULT]
bce.time = 0
bce.iterations = 0
exp_bce.time = 0
exp_bce.iterations = 0
focal.time = 0
focal.iterations = 0

[alexnet]
bce.time = 0 days 01:36:16.047816
bce.iterations = 17080
bce.time_per_minibatch = 0 days 00:00:00.338176
exp_bce.time = 0 days 01:35:57.121468
exp_bce.iterations = 17080
exp_bce.time_per_minibatch = 0 days 00:00:00.337068
focal.time = 0 days 01:36:10.467155
focal.iterations = 17080
focal.time_per_minibatch = 0 days 00:00:00.337849

[basemodel]
bce.time = 0 days 00:17:04.768155
bce.iterations = 2535
bce.time_per_minibatch = 0 days 00:00:00.404247
exp_bce.time = 0 days 00:17:12.795442
exp_bce.iterations = 2535
exp_bce.time_per_minibatch = 0 days 00:00:00.407414
focal.time = 0 days 00:17:06.683663
focal.iterations = 2535
focal.time_per_minibatch = 0 days 00:00:00.405003

[densenet]
bce.time = 0 days 00:06:23.325372
bce.iterations = 1867
bce.time_per_minibatch = 0 days 00:00:00.205316

