[DEFAULT]
bce.time = 0
bce.iterations = 0

[basemodel]
bce.time = 0 days 00:35:27.413313
bce.iterations = 5190
bce.time_per_minibatch = 0 days 00:00:00.409906

[densenet]
bce.time = 0 days 00:06:33.026877
bce.iterations = 1867
bce.time_per_minibatch = 0 days 00:00:00.210512

[smallresnet]
bce.time = 0 days 00:05:12.515491
bce.iterations = 560
bce.time_per_minibatch = 0 days 00:00:00.558063

